cam1
yellow: 602.1705 340.4782
green: 368.7629 330.5215
ró¿owy: 370.0056 220.927
blue: 581.0948 229.6207

cam2
yellow: 115.4978 53.35683
green: 296.4575 51.70213
pink: 285.9307 133.7228
blue: 91.70513 133.4936